DISP
40F
Decoded RC5: 40F (12 bits)
Raw (24): 900 -850 1800 -1750 1800 -850 900 -850 950 -800 950 -850 900 -850 950 -1700 950 -800 950 -850 900 -850 900 
C0F
Decoded RC5: C0F (12 bits)
Raw (26): 950 -850 900 -850 900 -850 1800 -850 950 -800 950 -850 900 -850 950 -800 950 -1700 950 -850 900 -850 950 -800 950 

VOLUP
410
Decoded RC5: 410 (12 bits)
Raw (22): 900 -850 1800 -1750 1800 -850 900 -850 950 -800 950 -850 900 -1750 1800 -850 900 -850 950 -800 950 
C10
Decoded RC5: C10 (12 bits)
Raw (24): 900 -850 950 -800 950 -850 1800 -850 900 -850 900 -850 950 -850 900 -1750 1800 -850 900 -850 950 -800 950 

VOLDOWN
411
Decoded RC5: 411 (12 bits)
Raw (22): 950 -850 1800 -1700 1850 -800 950 -850 900 -850 950 -800 950 -1700 1850 -800 950 -850 900 -1750 900 
C11
Decoded RC5: C11 (12 bits)
Raw (24): 900 -850 950 -800 950 -800 1850 -800 950 -850 900 -850 950 -850 900 -1700 1850 -800 950 -850 950 -1700 900 

LEFT
421
Decoded RC5: 421 (12 bits)
Raw (22): 900 -850 1800 -1700 1850 -800 950 -850 900 -850 950 -1700 1800 -850 950 -850 900 -850 900 -1750 900 
C21
Decoded RC5: C21 (12 bits)
Raw (24): 950 -800 950 -850 900 -850 1800 -850 950 -800 950 -850 900 -1750 1800 -850 900 -850 950 -800 950 -1700 950 

RIGHT
420
Decoded RC5: 420 (12 bits)
Raw (22): 950 -850 1800 -1700 1850 -800 950 -850 900 -850 950 -1700 1800 -850 950 -800 950 -850 900 -850 950 
C20
Decoded RC5: C20 (12 bits)
Raw (24): 950 -850 900 -850 950 -800 1850 -800 950 -850 900 -850 950 -1700 1800 -850 950 -800 950 -850 900 -850 950 

MUTE
40D
Decoded RC5: 40D (12 bits)
Raw (22): 950 -800 1800 -1750 1800 -850 900 -850 950 -850 900 -850 900 -850 950 -1700 950 -800 1850 -1700 950 
C0D
Decoded RC5: C0D (12 bits)
Raw (24): 950 -800 950 -850 900 -850 1800 -850 900 -850 950 -850 900 -850 950 -800 950 -1700 950 -800 1850 -1700 950 
